gain	0	1	-78.40
gain	1	0	-71.45
gain	0	2	-95.28
gain	2	0	-91.00
gain	0	3	-87.38
gain	3	0	-80.78
gain	0	4	-90.21
gain	4	0	-81.51
gain	0	5	-69.01
gain	5	0	-65.33
gain	0	6	-94.90
gain	6	0	-88.63
gain	0	7	-97.06
gain	7	0	-90.53
gain	0	8	-98.09
gain	8	0	-96.77
gain	0	9	-97.00
gain	9	0	-92.74
gain	0	10	-101.05
gain	10	0	-94.29
gain	0	11	-99.10
gain	11	0	-94.21
gain	0	12	-84.19
gain	12	0	-78.01
gain	0	13	-92.10
gain	13	0	-85.16
gain	0	14	-89.04
gain	14	0	-80.86
gain	0	15	-86.63
gain	15	0	-78.95
gain	0	16	-86.14
gain	16	0	-81.88
gain	0	17	-88.35
gain	17	0	-78.57
gain	0	18	-54.24
gain	18	0	-45.91
gain	0	19	-75.33
gain	19	0	-70.88
gain	0	20	-103.33
gain	20	0	-99.11
gain	0	21	-90.26
gain	21	0	-81.75
gain	0	22	-86.16
gain	22	0	-82.61
gain	0	23	-91.47
gain	23	0	-86.12
gain	0	24	-92.91
gain	24	0	-91.11
gain	0	25	-100.02
gain	25	0	-93.34
gain	0	26	-90.83
gain	26	0	-86.26
gain	0	27	-79.65
gain	27	0	-74.93
gain	0	28	-95.89
gain	28	0	-92.24
gain	0	29	-99.51
gain	29	0	-86.88
gain	0	30	-89.27
gain	30	0	-82.56
gain	0	31	-91.33
gain	31	0	-89.75
gain	0	32	-86.57
gain	32	0	-84.92
gain	0	33	-92.34
gain	33	0	-89.53
gain	0	34	-92.87
gain	34	0	-86.14
gain	0	35	-98.05
gain	35	0	-96.57
gain	0	36	-84.07
gain	36	0	-79.45
gain	0	37	-96.61
gain	37	0	-88.00
gain	0	38	-96.93
gain	38	0	-90.23
gain	0	39	-97.33
gain	39	0	-92.67
gain	1	2	-85.08
gain	2	1	-87.75
gain	1	3	-77.99
gain	3	1	-78.33
gain	1	4	-87.85
gain	4	1	-86.11
gain	1	5	-58.96
gain	5	1	-62.23
gain	1	6	-88.09
gain	6	1	-88.77
gain	1	7	-80.46
gain	7	1	-80.89
gain	1	8	-89.29
gain	8	1	-94.92
gain	1	9	-82.26
gain	9	1	-84.96
gain	1	10	-86.98
gain	10	1	-87.17
gain	1	11	-79.52
gain	11	1	-81.58
gain	1	12	-79.62
gain	12	1	-80.39
gain	1	13	-93.38
gain	13	1	-93.39
gain	1	14	-77.04
gain	14	1	-75.81
gain	1	15	-74.32
gain	15	1	-73.59
gain	1	16	-77.17
gain	16	1	-79.87
gain	1	17	-86.06
gain	17	1	-83.23
gain	1	18	-69.65
gain	18	1	-68.27
gain	1	19	-83.11
gain	19	1	-85.61
gain	1	20	-85.97
gain	20	1	-88.70
gain	1	21	-94.44
gain	21	1	-92.88
gain	1	22	-78.25
gain	22	1	-81.65
gain	1	23	-68.23
gain	23	1	-69.83
gain	1	24	-87.17
gain	24	1	-92.33
gain	1	25	-93.99
gain	25	1	-94.26
gain	1	26	-78.91
gain	26	1	-81.29
gain	1	27	-57.19
gain	27	1	-59.41
gain	1	28	-86.52
gain	28	1	-89.82
gain	1	29	-86.38
gain	29	1	-80.70
gain	1	30	-70.40
gain	30	1	-70.64
gain	1	31	-74.62
gain	31	1	-79.99
gain	1	32	-75.22
gain	32	1	-80.52
gain	1	33	-79.88
gain	33	1	-84.03
gain	1	34	-80.70
gain	34	1	-80.93
gain	1	35	-81.97
gain	35	1	-87.45
gain	1	36	-72.86
gain	36	1	-75.19
gain	1	37	-84.21
gain	37	1	-82.55
gain	1	38	-83.28
gain	38	1	-83.53
gain	1	39	-86.27
gain	39	1	-88.57
gain	2	3	-88.77
gain	3	2	-86.45
gain	2	4	-100.53
gain	4	2	-96.12
gain	2	5	-90.84
gain	5	2	-91.44
gain	2	6	-85.46
gain	6	2	-83.47
gain	2	7	-84.09
gain	7	2	-81.84
gain	2	8	-73.93
gain	8	2	-76.89
gain	2	9	-79.06
gain	9	2	-79.08
gain	2	10	-71.42
gain	10	2	-68.94
gain	2	11	-82.57
gain	11	2	-81.96
gain	2	12	-86.44
gain	12	2	-84.54
gain	2	13	-83.24
gain	13	2	-80.57
gain	2	14	-91.90
gain	14	2	-88.00
gain	2	15	-82.82
gain	15	2	-79.42
gain	2	16	-104.60
gain	16	2	-104.63
gain	2	17	-104.17
gain	17	2	-98.67
gain	2	18	-93.19
gain	18	2	-89.14
gain	2	19	-94.73
gain	19	2	-94.56
gain	2	20	-79.33
gain	20	2	-79.38
gain	2	21	-87.85
gain	21	2	-83.62
gain	2	22	-88.75
gain	22	2	-89.48
gain	2	23	-93.08
gain	23	2	-92.00
gain	2	24	-91.33
gain	24	2	-93.82
gain	2	25	-65.26
gain	25	2	-62.86
gain	2	26	-81.46
gain	26	2	-81.17
gain	2	27	-94.74
gain	27	2	-94.29
gain	2	28	-77.97
gain	28	2	-78.59
gain	2	29	-87.31
gain	29	2	-78.96
gain	2	30	-92.05
gain	30	2	-89.62
gain	2	31	-90.86
gain	31	2	-93.56
gain	2	32	-81.59
gain	32	2	-84.22
gain	2	33	-82.97
gain	33	2	-84.45
gain	2	34	-71.68
gain	34	2	-69.24
gain	2	35	-81.78
gain	35	2	-84.58
gain	2	36	-83.52
gain	36	2	-83.18
gain	2	37	-84.02
gain	37	2	-79.69
gain	2	38	-73.10
gain	38	2	-70.68
gain	2	39	-94.51
gain	39	2	-94.14
gain	3	4	-91.62
gain	4	3	-89.53
gain	3	5	-78.02
gain	5	3	-80.95
gain	3	6	-76.67
gain	6	3	-77.00
gain	3	7	-80.03
gain	7	3	-80.11
gain	3	8	-95.48
gain	8	3	-100.76
gain	3	9	-82.58
gain	9	3	-84.93
gain	3	10	-95.80
gain	10	3	-95.65
gain	3	11	-77.17
gain	11	3	-78.88
gain	3	12	-67.94
gain	12	3	-68.36
gain	3	13	-80.25
gain	13	3	-79.91
gain	3	14	-79.33
gain	14	3	-77.75
gain	3	15	-59.66
gain	15	3	-58.58
gain	3	16	-89.10
gain	16	3	-91.44
gain	3	17	-79.37
gain	17	3	-76.20
gain	3	18	-77.65
gain	18	3	-75.92
gain	3	19	-84.92
gain	19	3	-87.07
gain	3	20	-93.77
gain	20	3	-96.15
gain	3	21	-89.18
gain	21	3	-87.27
gain	3	22	-84.03
gain	22	3	-87.08
gain	3	23	-79.85
gain	23	3	-81.10
gain	3	24	-83.06
gain	24	3	-87.87
gain	3	25	-77.54
gain	25	3	-77.47
gain	3	26	-83.31
gain	26	3	-85.34
gain	3	27	-58.94
gain	27	3	-60.82
gain	3	28	-69.91
gain	28	3	-72.86
gain	3	29	-81.81
gain	29	3	-75.79
gain	3	30	-66.06
gain	30	3	-65.96
gain	3	31	-72.48
gain	31	3	-77.51
gain	3	32	-72.96
gain	32	3	-77.91
gain	3	33	-74.22
gain	33	3	-78.01
gain	3	34	-88.20
gain	34	3	-88.08
gain	3	35	-82.70
gain	35	3	-87.83
gain	3	36	-76.40
gain	36	3	-78.38
gain	3	37	-82.84
gain	37	3	-80.83
gain	3	38	-73.89
gain	38	3	-73.80
gain	3	39	-90.48
gain	39	3	-92.43
gain	4	5	-95.13
gain	5	4	-100.15
gain	4	6	-92.38
gain	6	4	-94.80
gain	4	7	-95.81
gain	7	4	-97.98
gain	4	8	-86.09
gain	8	4	-93.47
gain	4	9	-83.90
gain	9	4	-88.34
gain	4	10	-91.58
gain	10	4	-93.52
gain	4	11	-88.23
gain	11	4	-92.04
gain	4	12	-87.75
gain	12	4	-90.26
gain	4	13	-84.35
gain	13	4	-86.10
gain	4	14	-89.18
gain	14	4	-89.70
gain	4	15	-85.95
gain	15	4	-86.97
gain	4	16	-88.28
gain	16	4	-92.72
gain	4	17	-71.80
gain	17	4	-70.72
gain	4	18	-89.46
gain	18	4	-89.83
gain	4	19	-76.61
gain	19	4	-80.85
gain	4	20	-88.85
gain	20	4	-93.32
gain	4	21	-92.05
gain	21	4	-92.24
gain	4	22	-75.50
gain	22	4	-80.64
gain	4	23	-84.09
gain	23	4	-87.44
gain	4	24	-71.83
gain	24	4	-78.74
gain	4	25	-90.86
gain	25	4	-92.88
gain	4	26	-75.02
gain	26	4	-79.15
gain	4	27	-88.36
gain	27	4	-92.33
gain	4	28	-90.56
gain	28	4	-95.61
gain	4	29	-93.22
gain	29	4	-89.30
gain	4	30	-86.83
gain	30	4	-88.82
gain	4	31	-89.86
gain	31	4	-96.97
gain	4	32	-80.95
gain	32	4	-88.00
gain	4	33	-88.44
gain	33	4	-94.34
gain	4	34	-91.72
gain	34	4	-93.69
gain	4	35	-76.14
gain	35	4	-83.36
gain	4	36	-80.59
gain	36	4	-84.67
gain	4	37	-89.71
gain	37	4	-89.79
gain	4	38	-90.95
gain	38	4	-92.95
gain	4	39	-63.45
gain	39	4	-67.50
gain	5	6	-95.13
gain	6	5	-92.53
gain	5	7	-85.50
gain	7	5	-82.65
gain	5	8	-92.09
gain	8	5	-94.44
gain	5	9	-84.81
gain	9	5	-84.23
gain	5	10	-87.35
gain	10	5	-84.26
gain	5	11	-93.37
gain	11	5	-92.16
gain	5	12	-86.95
gain	12	5	-84.44
gain	5	13	-83.69
gain	13	5	-80.42
gain	5	14	-77.20
gain	14	5	-72.69
gain	5	15	-77.59
gain	15	5	-73.58
gain	5	16	-79.60
gain	16	5	-79.02
gain	5	17	-86.34
gain	17	5	-80.24
gain	5	18	-62.91
gain	18	5	-58.26
gain	5	19	-80.36
gain	19	5	-79.58
gain	5	20	-98.64
gain	20	5	-98.09
gain	5	21	-87.03
gain	21	5	-82.19
gain	5	22	-80.54
gain	22	5	-80.66
gain	5	23	-79.36
gain	23	5	-77.68
gain	5	24	-89.97
gain	24	5	-91.85
gain	5	25	-96.00
gain	25	5	-93.00
gain	5	26	-84.16
gain	26	5	-83.26
gain	5	27	-74.31
gain	27	5	-73.26
gain	5	28	-86.68
gain	28	5	-86.70
gain	5	29	-90.61
gain	29	5	-81.66
gain	5	30	-76.98
gain	30	5	-73.94
gain	5	31	-86.05
gain	31	5	-88.14
gain	5	32	-83.98
gain	32	5	-86.00
gain	5	33	-88.67
gain	33	5	-89.54
gain	5	34	-93.47
gain	34	5	-90.42
gain	5	35	-90.10
gain	35	5	-92.30
gain	5	36	-83.62
gain	36	5	-82.67
gain	5	37	-91.40
gain	37	5	-86.46
gain	5	38	-91.09
gain	38	5	-88.07
gain	5	39	-95.61
gain	39	5	-94.63
gain	6	7	-69.52
gain	7	6	-69.27
gain	6	8	-90.06
gain	8	6	-95.01
gain	6	9	-80.98
gain	9	6	-83.00
gain	6	10	-82.68
gain	10	6	-82.19
gain	6	11	-65.47
gain	11	6	-66.85
gain	6	12	-79.84
gain	12	6	-79.93
gain	6	13	-91.56
gain	13	6	-90.88
gain	6	14	-72.28
gain	14	6	-70.37
gain	6	15	-74.96
gain	15	6	-73.55
gain	6	16	-92.31
gain	16	6	-94.33
gain	6	17	-95.99
gain	17	6	-92.48
gain	6	18	-88.19
gain	18	6	-86.14
gain	6	19	-87.56
gain	19	6	-89.38
gain	6	20	-89.10
gain	20	6	-91.15
gain	6	21	-62.23
gain	21	6	-59.99
gain	6	22	-93.65
gain	22	6	-96.37
gain	6	23	-88.36
gain	23	6	-89.27
gain	6	24	-82.28
gain	24	6	-86.76
gain	6	25	-87.44
gain	25	6	-87.04
gain	6	26	-92.44
gain	26	6	-94.14
gain	6	27	-86.51
gain	27	6	-88.05
gain	6	28	-75.28
gain	28	6	-77.89
gain	6	29	-67.90
gain	29	6	-61.55
gain	6	30	-81.71
gain	30	6	-81.27
gain	6	31	-77.21
gain	31	6	-81.90
gain	6	32	-87.19
gain	32	6	-91.81
gain	6	33	-75.18
gain	33	6	-78.64
gain	6	34	-84.02
gain	34	6	-83.57
gain	6	35	-92.85
gain	35	6	-97.64
gain	6	36	-90.58
gain	36	6	-92.23
gain	6	37	-59.19
gain	37	6	-56.85
gain	6	38	-77.25
gain	38	6	-76.83
gain	6	39	-92.69
gain	39	6	-94.31
gain	7	8	-90.32
gain	8	7	-95.52
gain	7	9	-79.34
gain	9	7	-81.61
gain	7	10	-86.50
gain	10	7	-86.27
gain	7	11	-78.68
gain	11	7	-80.32
gain	7	12	-74.21
gain	12	7	-74.55
gain	7	13	-94.27
gain	13	7	-93.85
gain	7	14	-75.87
gain	14	7	-74.21
gain	7	15	-64.14
gain	15	7	-62.98
gain	7	16	-82.05
gain	16	7	-84.32
gain	7	17	-90.69
gain	17	7	-87.44
gain	7	18	-81.25
gain	18	7	-79.44
gain	7	19	-87.46
gain	19	7	-89.52
gain	7	20	-94.59
gain	20	7	-96.89
gain	7	21	-76.54
gain	21	7	-74.55
gain	7	22	-83.77
gain	22	7	-86.74
gain	7	23	-76.07
gain	23	7	-77.24
gain	7	24	-93.27
gain	24	7	-98.00
gain	7	25	-93.31
gain	25	7	-93.16
gain	7	26	-87.07
gain	26	7	-89.02
gain	7	27	-78.54
gain	27	7	-80.34
gain	7	28	-62.84
gain	28	7	-65.71
gain	7	29	-74.71
gain	29	7	-68.61
gain	7	30	-66.93
gain	30	7	-66.74
gain	7	31	-69.76
gain	31	7	-74.70
gain	7	32	-81.69
gain	32	7	-86.56
gain	7	33	-83.55
gain	33	7	-87.27
gain	7	34	-82.99
gain	34	7	-82.79
gain	7	35	-87.94
gain	35	7	-92.98
gain	7	36	-76.84
gain	36	7	-78.74
gain	7	37	-75.41
gain	37	7	-73.32
gain	7	38	-75.26
gain	38	7	-75.08
gain	7	39	-92.56
gain	39	7	-94.44
gain	8	9	-93.45
gain	9	8	-90.52
gain	8	10	-87.66
gain	10	8	-82.23
gain	8	11	-87.98
gain	11	8	-84.41
gain	8	12	-95.27
gain	12	8	-90.41
gain	8	13	-77.28
gain	13	8	-71.66
gain	8	14	-101.78
gain	14	8	-94.92
gain	8	15	-91.58
gain	15	8	-85.22
gain	8	16	-97.64
gain	16	8	-94.71
gain	8	17	-93.17
gain	17	8	-84.72
gain	8	18	-99.62
gain	18	8	-92.62
gain	8	19	-97.50
gain	19	8	-94.37
gain	8	20	-64.94
gain	20	8	-62.04
gain	8	21	-104.41
gain	21	8	-97.23
gain	8	22	-96.57
gain	22	8	-94.34
gain	8	23	-102.46
gain	23	8	-98.43
gain	8	24	-103.93
gain	24	8	-103.46
gain	8	25	-75.15
gain	25	8	-69.80
gain	8	26	-89.19
gain	26	8	-85.94
gain	8	27	-95.54
gain	27	8	-92.13
gain	8	28	-101.04
gain	28	8	-98.71
gain	8	29	-97.45
gain	29	8	-86.15
gain	8	30	-94.49
gain	30	8	-89.11
gain	8	31	-98.28
gain	31	8	-98.02
gain	8	32	-92.74
gain	32	8	-92.41
gain	8	33	-91.41
gain	33	8	-89.92
gain	8	34	-86.34
gain	34	8	-80.94
gain	8	35	-86.29
gain	35	8	-86.14
gain	8	36	-98.47
gain	36	8	-95.17
gain	8	37	-95.27
gain	37	8	-87.98
gain	8	38	-88.56
gain	38	8	-83.18
gain	8	39	-87.19
gain	39	8	-83.86
gain	9	10	-84.72
gain	10	9	-82.22
gain	9	11	-83.42
gain	11	9	-82.78
gain	9	12	-83.73
gain	12	9	-81.80
gain	9	13	-77.96
gain	13	9	-75.27
gain	9	14	-84.97
gain	14	9	-81.05
gain	9	15	-82.84
gain	15	9	-79.42
gain	9	16	-93.35
gain	16	9	-93.35
gain	9	17	-86.26
gain	17	9	-80.74
gain	9	18	-87.86
gain	18	9	-83.79
gain	9	19	-87.33
gain	19	9	-87.13
gain	9	20	-82.87
gain	20	9	-82.90
gain	9	21	-91.69
gain	21	9	-87.43
gain	9	22	-86.74
gain	22	9	-87.43
gain	9	23	-87.73
gain	23	9	-86.64
gain	9	24	-87.90
gain	24	9	-90.37
gain	9	25	-76.91
gain	25	9	-74.49
gain	9	26	-82.86
gain	26	9	-82.54
gain	9	27	-85.38
gain	27	9	-84.90
gain	9	28	-76.27
gain	28	9	-76.88
gain	9	29	-92.79
gain	29	9	-84.43
gain	9	30	-87.42
gain	30	9	-84.97
gain	9	31	-90.54
gain	31	9	-93.22
gain	9	32	-78.22
gain	32	9	-80.82
gain	9	33	-79.83
gain	33	9	-81.28
gain	9	34	-60.64
gain	34	9	-58.17
gain	9	35	-79.09
gain	35	9	-81.86
gain	9	36	-79.95
gain	36	9	-79.58
gain	9	37	-82.68
gain	37	9	-78.32
gain	9	38	-73.90
gain	38	9	-71.45
gain	9	39	-74.28
gain	39	9	-73.89
gain	10	11	-70.14
gain	11	10	-72.01
gain	10	12	-81.43
gain	12	10	-82.00
gain	10	13	-89.84
gain	13	10	-89.65
gain	10	14	-95.73
gain	14	10	-94.31
gain	10	15	-89.12
gain	15	10	-88.20
gain	10	16	-87.81
gain	16	10	-90.31
gain	10	17	-84.19
gain	17	10	-81.18
gain	10	18	-92.29
gain	18	10	-90.72
gain	10	19	-94.66
gain	19	10	-96.96
gain	10	20	-77.11
gain	20	10	-79.64
gain	10	21	-77.46
gain	21	10	-75.71
gain	10	22	-91.81
gain	22	10	-95.01
gain	10	23	-92.59
gain	23	10	-94.00
gain	10	24	-89.82
gain	24	10	-94.79
gain	10	25	-67.33
gain	25	10	-67.41
gain	10	26	-92.80
gain	26	10	-94.98
gain	10	27	-93.28
gain	27	10	-95.31
gain	10	28	-74.95
gain	28	10	-78.05
gain	10	29	-85.32
gain	29	10	-79.45
gain	10	30	-84.31
gain	30	10	-84.36
gain	10	31	-83.21
gain	31	10	-88.39
gain	10	32	-92.75
gain	32	10	-97.85
gain	10	33	-76.54
gain	33	10	-80.49
gain	10	34	-81.68
gain	34	10	-81.72
gain	10	35	-85.56
gain	35	10	-90.84
gain	10	36	-93.42
gain	36	10	-95.56
gain	10	37	-78.86
gain	37	10	-77.00
gain	10	38	-73.65
gain	38	10	-73.71
gain	10	39	-85.37
gain	39	10	-87.47
gain	11	12	-67.64
gain	12	11	-66.35
gain	11	13	-85.43
gain	13	11	-83.37
gain	11	14	-87.90
gain	14	11	-84.61
gain	11	15	-82.42
gain	15	11	-79.63
gain	11	16	-89.59
gain	16	11	-90.22
gain	11	17	-89.32
gain	17	11	-84.43
gain	11	18	-92.08
gain	18	11	-88.64
gain	11	19	-90.12
gain	19	11	-90.56
gain	11	20	-87.13
gain	20	11	-87.80
gain	11	21	-73.64
gain	21	11	-70.03
gain	11	22	-90.94
gain	22	11	-92.28
gain	11	23	-83.10
gain	23	11	-82.63
gain	11	24	-90.72
gain	24	11	-93.82
gain	11	25	-80.07
gain	25	11	-78.28
gain	11	26	-91.76
gain	26	11	-92.07
gain	11	27	-85.77
gain	27	11	-85.93
gain	11	28	-71.29
gain	28	11	-72.53
gain	11	29	-82.57
gain	29	11	-74.84
gain	11	30	-83.30
gain	30	11	-81.48
gain	11	31	-87.70
gain	31	11	-91.01
gain	11	32	-84.28
gain	32	11	-87.52
gain	11	33	-70.59
gain	33	11	-72.68
gain	11	34	-75.43
gain	34	11	-73.60
gain	11	35	-81.75
gain	35	11	-85.16
gain	11	36	-84.91
gain	36	11	-85.17
gain	11	37	-72.99
gain	37	11	-69.27
gain	11	38	-74.32
gain	38	11	-72.51
gain	11	39	-90.19
gain	39	11	-90.43
gain	12	13	-87.63
gain	13	12	-86.87
gain	12	14	-88.92
gain	14	12	-86.93
gain	12	15	-71.65
gain	15	12	-70.16
gain	12	16	-104.18
gain	16	12	-106.11
gain	12	17	-83.13
gain	17	12	-79.54
gain	12	18	-80.51
gain	18	12	-78.36
gain	12	19	-84.58
gain	19	12	-86.31
gain	12	20	-87.23
gain	20	12	-89.18
gain	12	21	-80.17
gain	21	12	-77.85
gain	12	22	-85.42
gain	22	12	-88.05
gain	12	23	-89.38
gain	23	12	-90.21
gain	12	24	-89.65
gain	24	12	-94.04
gain	12	25	-82.44
gain	25	12	-81.95
gain	12	26	-80.18
gain	26	12	-81.79
gain	12	27	-79.46
gain	27	12	-80.92
gain	12	28	-56.60
gain	28	12	-59.13
gain	12	29	-84.52
gain	29	12	-78.08
gain	12	30	-73.22
gain	30	12	-72.69
gain	12	31	-72.06
gain	31	12	-76.66
gain	12	32	-77.10
gain	32	12	-81.64
gain	12	33	-51.35
gain	33	12	-54.72
gain	12	34	-83.23
gain	34	12	-82.69
gain	12	35	-78.46
gain	35	12	-83.16
gain	12	36	-86.14
gain	36	12	-87.70
gain	12	37	-75.99
gain	37	12	-73.56
gain	12	38	-60.49
gain	38	12	-59.98
gain	12	39	-90.04
gain	39	12	-91.57
gain	13	14	-86.59
gain	14	13	-85.35
gain	13	15	-91.86
gain	15	13	-91.13
gain	13	16	-95.06
gain	16	13	-97.75
gain	13	17	-82.38
gain	17	13	-79.55
gain	13	18	-91.21
gain	18	13	-89.82
gain	13	19	-93.14
gain	19	13	-95.63
gain	13	20	-78.38
gain	20	13	-81.10
gain	13	21	-85.75
gain	21	13	-84.19
gain	13	22	-85.46
gain	22	13	-88.84
gain	13	23	-93.87
gain	23	13	-95.46
gain	13	24	-83.38
gain	24	13	-88.53
gain	13	25	-77.81
gain	25	13	-78.07
gain	13	26	-88.34
gain	26	13	-90.71
gain	13	27	-86.98
gain	27	13	-89.20
gain	13	28	-80.49
gain	28	13	-83.78
gain	13	29	-92.10
gain	29	13	-86.42
gain	13	30	-84.44
gain	30	13	-84.68
gain	13	31	-95.09
gain	31	13	-100.46
gain	13	32	-83.88
gain	32	13	-89.17
gain	13	33	-73.13
gain	33	13	-77.26
gain	13	34	-69.02
gain	34	13	-69.24
gain	13	35	-64.48
gain	35	13	-69.95
gain	13	36	-75.79
gain	36	13	-78.12
gain	13	37	-87.05
gain	37	13	-85.38
gain	13	38	-78.40
gain	38	13	-78.65
gain	13	39	-74.65
gain	39	13	-76.94
gain	14	15	-72.97
gain	15	14	-73.47
gain	14	16	-78.45
gain	16	14	-82.37
gain	14	17	-87.83
gain	17	14	-86.23
gain	14	18	-76.68
gain	18	14	-76.53
gain	14	19	-82.76
gain	19	14	-86.48
gain	14	20	-83.89
gain	20	14	-87.84
gain	14	21	-76.05
gain	21	14	-75.72
gain	14	22	-94.08
gain	22	14	-98.70
gain	14	23	-67.06
gain	23	14	-69.88
gain	14	24	-92.55
gain	24	14	-98.94
gain	14	25	-91.64
gain	25	14	-93.14
gain	14	26	-87.58
gain	26	14	-91.19
gain	14	27	-71.68
gain	27	14	-75.13
gain	14	28	-84.89
gain	28	14	-89.42
gain	14	29	-79.00
gain	29	14	-74.55
gain	14	30	-62.91
gain	30	14	-64.38
gain	14	31	-65.15
gain	31	14	-71.75
gain	14	32	-90.26
gain	32	14	-96.79
gain	14	33	-76.89
gain	33	14	-82.27
gain	14	34	-90.50
gain	34	14	-91.96
gain	14	35	-89.60
gain	35	14	-96.30
gain	14	36	-80.73
gain	36	14	-84.28
gain	14	37	-78.81
gain	37	14	-78.37
gain	14	38	-80.57
gain	38	14	-82.05
gain	14	39	-85.72
gain	39	14	-89.25
gain	15	16	-83.07
gain	16	15	-86.49
gain	15	17	-80.22
gain	17	15	-78.12
gain	15	18	-75.13
gain	18	15	-74.48
gain	15	19	-76.96
gain	19	15	-80.18
gain	15	20	-91.42
gain	20	15	-94.88
gain	15	21	-88.12
gain	21	15	-87.29
gain	15	22	-75.57
gain	22	15	-79.70
gain	15	23	-69.28
gain	23	15	-71.61
gain	15	24	-84.47
gain	24	15	-90.36
gain	15	25	-88.88
gain	25	15	-89.88
gain	15	26	-81.78
gain	26	15	-84.89
gain	15	27	-63.55
gain	27	15	-66.50
gain	15	28	-76.82
gain	28	15	-80.84
gain	15	29	-81.31
gain	29	15	-76.37
gain	15	30	-56.75
gain	30	15	-57.72
gain	15	31	-70.50
gain	31	15	-76.60
gain	15	32	-80.08
gain	32	15	-86.10
gain	15	33	-81.05
gain	33	15	-85.93
gain	15	34	-85.45
gain	34	15	-86.41
gain	15	35	-80.57
gain	35	15	-86.77
gain	15	36	-82.46
gain	36	15	-85.52
gain	15	37	-80.65
gain	37	15	-79.71
gain	15	38	-81.63
gain	38	15	-82.61
gain	15	39	-90.38
gain	39	15	-93.41
gain	16	17	-94.57
gain	17	16	-89.05
gain	16	18	-83.47
gain	18	16	-79.39
gain	16	19	-83.67
gain	19	16	-83.47
gain	16	20	-102.33
gain	20	16	-102.36
gain	16	21	-92.68
gain	21	16	-88.43
gain	16	22	-96.83
gain	22	16	-97.53
gain	16	23	-58.88
gain	23	16	-57.79
gain	16	24	-86.61
gain	24	16	-89.07
gain	16	25	-95.51
gain	25	16	-93.09
gain	16	26	-96.37
gain	26	16	-96.06
gain	16	27	-79.89
gain	27	16	-79.42
gain	16	28	-90.01
gain	28	16	-90.61
gain	16	29	-82.78
gain	29	16	-74.41
gain	16	30	-85.77
gain	30	16	-83.32
gain	16	31	-81.24
gain	31	16	-83.92
gain	16	32	-87.28
gain	32	16	-89.89
gain	16	33	-86.00
gain	33	16	-87.45
gain	16	34	-91.41
gain	34	16	-88.94
gain	16	35	-88.58
gain	35	16	-91.36
gain	16	36	-95.62
gain	36	16	-95.26
gain	16	37	-95.41
gain	37	16	-91.05
gain	16	38	-91.79
gain	38	16	-89.35
gain	16	39	-98.77
gain	39	16	-98.37
gain	17	18	-75.29
gain	18	17	-76.73
gain	17	19	-60.37
gain	19	17	-65.69
gain	17	20	-86.52
gain	20	17	-92.07
gain	17	21	-93.44
gain	21	17	-94.71
gain	17	22	-53.68
gain	22	17	-59.90
gain	17	23	-85.91
gain	23	17	-90.33
gain	17	24	-59.47
gain	24	17	-67.45
gain	17	25	-88.85
gain	25	17	-91.95
gain	17	26	-65.12
gain	26	17	-70.32
gain	17	27	-74.93
gain	27	17	-79.98
gain	17	28	-83.42
gain	28	17	-89.54
gain	17	29	-87.48
gain	29	17	-84.64
gain	17	30	-82.20
gain	30	17	-85.26
gain	17	31	-92.94
gain	31	17	-101.13
gain	17	32	-69.17
gain	32	17	-77.30
gain	17	33	-83.32
gain	33	17	-90.29
gain	17	34	-81.28
gain	34	17	-84.34
gain	17	35	-79.77
gain	35	17	-88.07
gain	17	36	-65.48
gain	36	17	-70.64
gain	17	37	-89.98
gain	37	17	-91.14
gain	17	38	-78.59
gain	38	17	-81.67
gain	17	39	-71.17
gain	39	17	-76.29
gain	18	19	-70.07
gain	19	18	-73.94
gain	18	20	-90.16
gain	20	18	-94.27
gain	18	21	-91.71
gain	21	18	-91.53
gain	18	22	-78.07
gain	22	18	-82.84
gain	18	23	-77.26
gain	23	18	-80.23
gain	18	24	-84.33
gain	24	18	-90.87
gain	18	25	-88.22
gain	25	18	-89.87
gain	18	26	-83.22
gain	26	18	-86.98
gain	18	27	-65.98
gain	27	18	-69.58
gain	18	28	-84.55
gain	28	18	-89.22
gain	18	29	-78.12
gain	29	18	-73.83
gain	18	30	-70.53
gain	30	18	-72.15
gain	18	31	-83.26
gain	31	18	-90.01
gain	18	32	-74.45
gain	32	18	-81.13
gain	18	33	-80.63
gain	33	18	-86.16
gain	18	34	-88.65
gain	34	18	-90.26
gain	18	35	-83.27
gain	35	18	-90.13
gain	18	36	-80.71
gain	36	18	-84.42
gain	18	37	-84.43
gain	37	18	-84.14
gain	18	38	-77.09
gain	38	18	-78.72
gain	18	39	-85.66
gain	39	18	-89.34
gain	19	20	-91.26
gain	20	19	-91.49
gain	19	21	-97.05
gain	21	19	-93.00
gain	19	22	-63.19
gain	22	19	-64.09
gain	19	23	-91.61
gain	23	19	-90.71
gain	19	24	-75.11
gain	24	19	-77.77
gain	19	25	-97.35
gain	25	19	-95.12
gain	19	26	-73.06
gain	26	19	-72.94
gain	19	27	-84.09
gain	27	19	-83.82
gain	19	28	-90.46
gain	28	19	-91.26
gain	19	29	-91.61
gain	29	19	-83.44
gain	19	30	-80.79
gain	30	19	-78.53
gain	19	31	-92.96
gain	31	19	-95.84
gain	19	32	-79.33
gain	32	19	-82.14
gain	19	33	-90.21
gain	33	19	-91.86
gain	19	34	-84.83
gain	34	19	-82.56
gain	19	35	-72.46
gain	35	19	-75.43
gain	19	36	-75.51
gain	36	19	-75.35
gain	19	37	-93.55
gain	37	19	-89.39
gain	19	38	-86.96
gain	38	19	-84.72
gain	19	39	-84.38
gain	39	19	-84.18
gain	20	21	-97.40
gain	21	20	-93.11
gain	20	22	-86.66
gain	22	20	-87.33
gain	20	23	-100.90
gain	23	20	-99.77
gain	20	24	-86.81
gain	24	20	-89.25
gain	20	25	-77.35
gain	25	20	-74.89
gain	20	26	-84.61
gain	26	20	-84.26
gain	20	27	-96.74
gain	27	20	-96.23
gain	20	28	-98.07
gain	28	20	-98.65
gain	20	29	-97.52
gain	29	20	-89.12
gain	20	30	-89.25
gain	30	20	-86.77
gain	20	31	-83.83
gain	31	20	-86.48
gain	20	32	-91.83
gain	32	20	-94.40
gain	20	33	-91.61
gain	33	20	-93.03
gain	20	34	-86.17
gain	34	20	-83.68
gain	20	35	-81.74
gain	35	20	-84.49
gain	20	36	-93.61
gain	36	20	-93.21
gain	20	37	-85.56
gain	37	20	-81.17
gain	20	38	-84.19
gain	38	20	-81.72
gain	20	39	-81.97
gain	39	20	-81.55
gain	21	22	-92.03
gain	22	21	-96.98
gain	21	23	-81.17
gain	23	21	-84.32
gain	21	24	-91.12
gain	24	21	-97.84
gain	21	25	-85.86
gain	25	21	-87.69
gain	21	26	-91.97
gain	26	21	-95.90
gain	21	27	-85.56
gain	27	21	-89.34
gain	21	28	-75.50
gain	28	21	-80.36
gain	21	29	-66.77
gain	29	21	-62.66
gain	21	30	-77.91
gain	30	21	-79.71
gain	21	31	-74.61
gain	31	21	-81.54
gain	21	32	-82.36
gain	32	21	-89.22
gain	21	33	-73.74
gain	33	21	-79.44
gain	21	34	-82.34
gain	34	21	-84.13
gain	21	35	-92.69
gain	35	21	-99.72
gain	21	36	-88.05
gain	36	21	-91.93
gain	21	37	-52.32
gain	37	21	-52.22
gain	21	38	-83.77
gain	38	21	-85.58
gain	21	39	-93.10
gain	39	21	-96.96
gain	22	23	-96.99
gain	23	22	-95.19
gain	22	24	-69.30
gain	24	22	-71.06
gain	22	25	-94.56
gain	25	22	-91.43
gain	22	26	-69.83
gain	26	22	-68.81
gain	22	27	-83.17
gain	27	22	-82.00
gain	22	28	-83.16
gain	28	22	-83.06
gain	22	29	-92.18
gain	29	22	-83.11
gain	22	30	-87.78
gain	30	22	-84.62
gain	22	31	-92.82
gain	31	22	-94.80
gain	22	32	-71.40
gain	32	22	-73.31
gain	22	33	-76.57
gain	33	22	-77.32
gain	22	34	-82.54
gain	34	22	-79.37
gain	22	35	-78.41
gain	35	22	-80.49
gain	22	36	-57.72
gain	36	22	-56.65
gain	22	37	-89.09
gain	37	22	-84.03
gain	22	38	-89.13
gain	38	22	-85.99
gain	22	39	-75.69
gain	39	22	-74.59
gain	23	24	-85.20
gain	24	23	-88.76
gain	23	25	-92.06
gain	25	23	-90.73
gain	23	26	-81.20
gain	26	23	-81.98
gain	23	27	-72.59
gain	27	23	-73.22
gain	23	28	-89.91
gain	28	23	-91.61
gain	23	29	-82.89
gain	29	23	-75.62
gain	23	30	-71.36
gain	30	23	-70.00
gain	23	31	-73.83
gain	31	23	-77.60
gain	23	32	-76.76
gain	32	23	-80.46
gain	23	33	-84.66
gain	33	23	-87.21
gain	23	34	-89.95
gain	34	23	-88.58
gain	23	35	-91.68
gain	35	23	-95.56
gain	23	36	-88.86
gain	36	23	-89.59
gain	23	37	-88.62
gain	37	23	-85.36
gain	23	38	-84.24
gain	38	23	-82.90
gain	23	39	-92.88
gain	39	23	-93.58
gain	24	25	-95.40
gain	25	24	-90.51
gain	24	26	-66.83
gain	26	24	-64.05
gain	24	27	-87.24
gain	27	24	-84.30
gain	24	28	-89.87
gain	28	24	-88.01
gain	24	29	-96.21
gain	29	24	-85.37
gain	24	30	-99.30
gain	30	24	-94.38
gain	24	31	-95.18
gain	31	24	-95.40
gain	24	32	-85.60
gain	32	24	-85.74
gain	24	33	-91.57
gain	33	24	-90.55
gain	24	34	-84.97
gain	34	24	-80.04
gain	24	35	-89.62
gain	35	24	-89.94
gain	24	36	-75.67
gain	36	24	-72.84
gain	24	37	-105.99
gain	37	24	-99.17
gain	24	38	-88.81
gain	38	24	-83.90
gain	24	39	-79.15
gain	39	24	-76.29
gain	25	26	-88.21
gain	26	25	-90.32
gain	25	27	-78.94
gain	27	25	-80.89
gain	25	28	-83.84
gain	28	25	-86.86
gain	25	29	-89.43
gain	29	25	-83.49
gain	25	30	-86.29
gain	30	25	-86.26
gain	25	31	-87.34
gain	31	25	-92.44
gain	25	32	-80.44
gain	32	25	-85.47
gain	25	33	-80.37
gain	33	25	-84.25
gain	25	34	-78.36
gain	34	25	-78.32
gain	25	35	-86.33
gain	35	25	-91.54
gain	25	36	-86.37
gain	36	25	-88.43
gain	25	37	-75.70
gain	37	25	-73.77
gain	25	38	-76.13
gain	38	25	-76.11
gain	25	39	-85.93
gain	39	25	-87.96
gain	26	27	-88.02
gain	27	26	-87.87
gain	26	28	-83.50
gain	28	26	-84.42
gain	26	29	-92.22
gain	29	26	-84.17
gain	26	30	-88.54
gain	30	26	-86.40
gain	26	31	-103.70
gain	31	26	-106.69
gain	26	32	-79.23
gain	32	26	-82.15
gain	26	33	-81.29
gain	33	26	-83.06
gain	26	34	-88.88
gain	34	26	-86.73
gain	26	35	-78.67
gain	35	26	-81.76
gain	26	36	-77.13
gain	36	26	-77.08
gain	26	37	-86.40
gain	37	26	-82.36
gain	26	38	-84.93
gain	38	26	-82.80
gain	26	39	-71.74
gain	39	26	-71.66
gain	27	28	-79.33
gain	28	27	-80.41
gain	27	29	-86.31
gain	29	27	-78.42
gain	27	30	-70.15
gain	30	27	-68.17
gain	27	31	-79.59
gain	31	27	-82.74
gain	27	32	-72.50
gain	32	27	-75.58
gain	27	33	-73.87
gain	33	27	-75.80
gain	27	34	-83.14
gain	34	27	-81.14
gain	27	35	-93.47
gain	35	27	-96.72
gain	27	36	-73.23
gain	36	27	-73.34
gain	27	37	-91.99
gain	37	27	-88.10
gain	27	38	-69.58
gain	38	27	-67.61
gain	27	39	-88.42
gain	39	27	-88.49
gain	28	29	-78.46
gain	29	28	-69.49
gain	28	30	-82.05
gain	30	28	-78.99
gain	28	31	-76.31
gain	31	28	-78.38
gain	28	32	-80.58
gain	32	28	-82.58
gain	28	33	-71.82
gain	33	28	-72.67
gain	28	34	-85.01
gain	34	28	-81.94
gain	28	35	-90.37
gain	35	28	-92.55
gain	28	36	-88.95
gain	36	28	-87.98
gain	28	37	-80.10
gain	37	28	-75.13
gain	28	38	-73.05
gain	38	28	-70.01
gain	28	39	-86.84
gain	39	28	-85.84
gain	29	30	-68.63
gain	30	29	-74.54
gain	29	31	-66.71
gain	31	29	-77.76
gain	29	32	-87.20
gain	32	29	-98.17
gain	29	33	-74.13
gain	33	29	-83.94
gain	29	34	-83.82
gain	34	29	-89.72
gain	29	35	-92.40
gain	35	29	-103.55
gain	29	36	-82.42
gain	36	29	-90.42
gain	29	37	-66.73
gain	37	29	-70.74
gain	29	38	-78.71
gain	38	29	-84.63
gain	29	39	-81.37
gain	39	29	-89.34
gain	30	31	-59.67
gain	31	30	-64.80
gain	30	32	-77.85
gain	32	30	-82.91
gain	30	33	-76.31
gain	33	30	-80.21
gain	30	34	-77.80
gain	34	30	-77.79
gain	30	35	-82.46
gain	35	30	-87.69
gain	30	36	-84.45
gain	36	30	-86.54
gain	30	37	-79.78
gain	37	30	-77.88
gain	30	38	-81.95
gain	38	30	-81.96
gain	30	39	-85.26
gain	39	30	-87.32
gain	31	32	-87.81
gain	32	31	-87.74
gain	31	33	-86.77
gain	33	31	-85.55
gain	31	34	-92.59
gain	34	31	-87.45
gain	31	35	-95.85
gain	35	31	-95.95
gain	31	36	-89.89
gain	36	31	-86.85
gain	31	37	-82.77
gain	37	31	-75.73
gain	31	38	-83.46
gain	38	31	-78.34
gain	31	39	-95.02
gain	39	31	-91.95
gain	32	33	-77.77
gain	33	32	-76.61
gain	32	34	-82.49
gain	34	32	-77.42
gain	32	35	-90.12
gain	35	32	-90.29
gain	32	36	-77.69
gain	36	32	-74.72
gain	32	37	-90.27
gain	37	32	-83.30
gain	32	38	-84.78
gain	38	32	-79.73
gain	32	39	-83.12
gain	39	32	-80.12
gain	33	34	-82.97
gain	34	33	-79.05
gain	33	35	-84.13
gain	35	33	-85.46
gain	33	36	-80.97
gain	36	33	-79.15
gain	33	37	-87.63
gain	37	33	-81.82
gain	33	38	-62.91
gain	38	33	-59.01
gain	33	39	-84.29
gain	39	33	-82.45
gain	34	35	-80.63
gain	35	34	-85.87
gain	34	36	-83.69
gain	36	34	-85.79
gain	34	37	-86.84
gain	37	34	-84.95
gain	34	38	-80.23
gain	38	34	-80.26
gain	34	39	-83.33
gain	39	34	-85.40
gain	35	36	-83.73
gain	36	35	-80.59
gain	35	37	-96.60
gain	37	35	-89.46
gain	35	38	-86.55
gain	38	35	-81.32
gain	35	39	-65.40
gain	39	35	-62.23
gain	36	37	-95.55
gain	37	36	-91.56
gain	36	38	-78.34
gain	38	36	-76.26
gain	36	39	-75.69
gain	39	36	-75.66
gain	37	38	-78.28
gain	38	37	-80.20
gain	37	39	-86.67
gain	39	37	-90.63
gain	38	39	-81.11
gain	39	38	-83.16
noise	0	-102.78	4.00
noise	1	-104.56	4.00
noise	2	-105.20	4.00
noise	3	-104.88	4.00
noise	4	-106.81	4.00
noise	5	-103.56	4.00
noise	6	-103.95	4.00
noise	7	-105.10	4.00
noise	8	-101.63	4.00
noise	9	-103.48	4.00
noise	10	-106.63	4.00
noise	11	-105.69	4.00
noise	12	-108.62	4.00
noise	13	-106.29	4.00
noise	14	-105.97	4.00
noise	15	-106.67	4.00
noise	16	-104.14	4.00
noise	17	-107.46	4.00
noise	18	-107.70	4.00
noise	19	-104.91	4.00
noise	20	-104.69	4.00
noise	21	-106.49	4.00
noise	22	-103.52	4.00
noise	23	-104.63	4.00
noise	24	-100.03	4.00
noise	25	-103.45	4.00
noise	26	-103.27	4.00
noise	27	-103.80	4.00
noise	28	-103.08	4.00
noise	29	-112.03	4.00
noise	30	-109.19	4.00
noise	31	-103.55	4.00
noise	32	-103.77	4.00
noise	33	-102.68	4.00
noise	34	-106.58	4.00
noise	35	-103.66	4.00
noise	36	-105.09	4.00
noise	37	-104.02	4.00
noise	38	-103.74	4.00
noise	39	-103.87	4.00
